吸光度
390                                                0.227 0.293 0.686 0.579 0.563 0.459
400                                                0.255 0.333 0.784 0.659 0.639 0.518
410                                                0.275 0.362 0.858 0.723 0.695 0.561
420                                                0.301 0.393 0.918 0.767 0.734 0.589
430                                                0.329 0.417 0.940 0.789 0.761 0.614
440                                                0.374 0.446 0.929 0.786 0.783 0.646
450                                                0.464 0.497 0.875 0.757 0.802 0.684
460                                                0.570 0.551 0.784 0.694 0.796 0.707
470                                                0.696 0.62   0.688 0.625 0.79   0.731
480                                                0.798 0.671 0.588 0.552 0.752 0.716
490                                                0.855 0.69   0.474 0.447 0.661 0.639
500                                                0.883 0.697 0.407 0.389 0.595 0.577
510                                                0.861 0.674 0.379 0.359 0.53   0.504
520                                                0.751 0.593 0.354 0.306 0.401 0.354
530                                                0.589 0.473 0.317 0.239 0.229 0.158

