    0.0045     0.0096     0.0320
    0.0050     0.0105     0.0364
    0.0056     0.0110     0.0396
    0.0064     0.0114     0.0418
    0.0078     0.0127     0.0415
    0.0082     0.0153     0.0404
    0.0104     0.0187     0.0358
    0.0134     0.0225     0.0288
    0.0165     0.0268     0.0213
    0.0202     0.0282     0.0139
    0.0232     0.0275     0.0064
    0.0250     0.0262     0.0018
    0.0251     0.0225     0.0004
    0.0238     0.0144     0.0000
    0.0209     0.0064     0.0000
    0.0171     0.0021     0.0000
